4845
7805
2626
3812
1526
4325
5027
5409
4881
9662
928
9083
8020
2043
3398
3485
15
7859
7166
40
964
6488
2886
8073
9762
1085
4635
7342
5477
2020
1661
4178
8498
9973
8326
4472
9283
8590
4615
5640
2898
617
337
1732
7523
3107
5416
6340
8219
4409
9680
4872
5859
5950
4884
7319
3132
8780
3059
5415
7378
6602
5525
7228
4410
1955
5945
6004
7333
3134
3031
5179
3079
845
4418
6192
1046
1181
5445
8496
3068
7604
1721
8413
7449
935
5367
5949
7949
7807
5218
7041
6706
5709
5960
9347
6832
3319
8865
9298
4080
3956
3235
6251
4540
967
3904
5324
3961
4801
8847
6339
6473
2911
1676
8023
6070
8266
9334
3026
3394
6288
3926
5017
5953
9905
8183
5677
8090
1056
2860
7390
1387
7970
8028
5391
3953
9925
1985
7310
5370
2903
8323
3065
853
530
9194
4975
1112
2582
4672
8989
7583
6626
253
8196
5896
4886
9974
9354
4643
2080
586
1596
3318
8875
4342
2558
3228
4173
2640
8318
5222
5646
1503
4180
2152
1719
5570
2539
106
2744
8992
3430
383
4020
2040
5848
2120
7134
3154
1612
8025
7307
5142
1100
272
9808
7832
8422
8098
3306
2668
5631
670
5118
39
322
1133
9591
4541
6289
629
6136
9042
3683
3505
9783
1439
1907
317
7858
4759
2543
953
3875
9573
7313
8784
672
5553
1281
1966
5817
7198
488
2697
4639
7469
4832
3040
591
1620
9218
3136
6169
9950
5492
5110
266
7928
3150
4110
4066
1287
149
8354
4920
6700
4646
9655
1701
7359
8667
1076
5797
4831
2780
1580
641
5876
1048
3192
3710
8934
5998
831
870
6903
4605
3470
299
8391
5846
7681
9074
9342
9704
3955
1470
1793
4866
6684
7657
1328
1152
559
1298
3328
548
4236
719
7818
7814
7054
1363
2052
4104
9536
3608
8984
6460
7593
3718
1916
20
8769
2546
1650
8540
6815
9343
7332
91
7146
5157
2474
6239
3482
5083
7471
355
8568
9735
1462
9095
8379
6078
1336
487
5778
8376
9233
3285
74
7867
8393
3666
4924
6528
71
7305
2022
3337
823
6301
9990
4161
2858
6308
5702
2806
2517
3874
5853
2271
3064
8048
5318
7548
2809
8858
1273
1853
9435
7202
5425
7919
7751
6456
4160
6217
3957
351
4438
8814
1843
5747
5713
156
6378
1440
3190
5766
4000
3580
1233
7029
8139
8708
7662
9999
8995
5070
3487
8751
139
3549
9798
1486
4134
7587
556
7927
6673
2849
9481
2817
5898
628
6027
4802
9245
4618
5239
6031
5654
9771
1333
6882
4851
7137
3140
6914
1397
6421
190
7592
9754
880
4675
4137
7957
1390
4903
4179
6770
315
4247
4253
8635
4456
1452
4560
3815
9091
9772
9712
6123
8333
7362
369
2368
3731
6752
7467
8652
2622
6401
7316
3548
194
9426
6759
4087
5597
1973
2607
14
3883
3182
2322
4275
9873
6998
5957
6650
1122
5123
3578
9524
8460
233
230
8738
8645
4321
4711
826
8573
9000
2314
7737
9329
6640
5881
8380
2383
6987
1769
3804
8650
8880
859
4811
818
4318
2357
9548
4818
4577
6168
9875
9568
5107
8768
354
5245
1808
9693
2494
9512
3478
830
4713
4330
3497
904
5404
9306
5423
8931
1285
6280
9198
4345
4697
4723
1712
3821
1398
1378
5791
9004
9389
2419
7513
2197
1786
1041
7773
9453
4599
2645
5350
6791
378
3832
9141
4224
8286
2518
7289
555
885
829
3566
8982
425
7690
6372
8403
2380
6337
8940
4554
637
6660
7967
6962
4619
490
7221
4332
5824
9745
4795
4464
1986
7080
7743
2839
6823
5076
2084
6898
7187
883
2512
4585
2051
2460
7120
7648
7883
3534
4703
2759
3039
3239
2852
7932
236
6121
4604
4661
563
2262
2115
5081
120
9731
3700
1262
2411
1939
7712
9099
1731
5566
88
9602
5170
7210
9863
4852
6956
6129
1394
5952
8707
7331
2282
7369
3547
5718
5302
8867
246
3568
6126
7094
4491
6081
7280
4215
5994
3410
7336
6852
9806
7035
9021
6069
8598
6761
2500
2420
414
639
4770
3963
534
3462
457
8077
1653
7188
4036
277
4807
4402
7100
1369
2727
2100
9064
1128
7155
5145
5241
2533
7863
5982
296
9184
4689
1550
1660
1068
569
9324
2647
3602
4514
5014
4929
3531
248
2377
1116
9057
2946
3859
3774
2908
6963
5719
9636
8285
8187
8259
3046
2650
7791
9062
8294
2348
2276
5984
6994
2245
2345
9446
8625
697
3175
8237
1459
4907
6716
9240
3242
9628
5632
970
4722
5834
2555
2855
2630
2576
1581
6881
5710
5421
6732
6411
5403
9239
1510
5210
8671
4091
7745
3491
7906
590
9627
2689
1889
5520
6491
3016
3366
4229
2583
7615
7984
993
3123
9299
4322
4504
2707
1777
9139
594
3902
7694
4143
2141
5872
1356
8878
2880
341
5392
4682
4997
8897
6774
4440
3498
1533
9327
2924
8420
6542
8157
7468
9632
7265
6242
1610
8342
1084
6243
7853
1698
956
7018
7684
8210
6744
8217
9607
9676
2102
1928
6867
6003
7757
4948
8149
2567
9418
2764
3446
2968
5235
1257
9011
702
8232
5861
3937
7437
3093
611
3631
2589
6840
2794
6223
3382
9616
7227
6954
1584
4622
8381
473
4812
6381
4893
2019
8150
5826
4868
8446
9156
4174
2731
3558
7298
5612
28
1759
7273
5417
9376
9825
1532
774
3473
2679
9814
8541
9765
4443
4762
4628
450
4613
7148
1738
5046
6615
5033
5689
9966
5335
7687
6989
3434
7972
7139
9779
5390
9984
7431
550
2945
1689
9857
2920
4451
3256
3297
5736
5615
5338
7006
5115
3581
8417
2787
9417
842
5545
7251
5928
65
9929
8400
1802
5526
9828
1106
2704
5237
7244
4800
1234
9098
4671
1066
9308
6181
6925
2515
2161
7380
5007
7114
3808
8051
8031
7107
2935
3352
5657
5456
3745
9813
6134
5080
2777
7994
4764
605
3120
9477
6915
9497
6552
7237
5038
3690
962
5410
8723
9751
4366
6692
1999
9812
8704
8759
3556
8410
1482
7322
768
3034
9241
7862
6327
8481
1979
3099
6627
1294
6899
1314
4556
7992
8522
2716
3348
2323
574
3199
2257
5638
8265
753
6689
8774
6787
174
4670
6737
460
8658
7656
4922
4616
2957
2379
9705
7057
5161
4814
1415
8335
376
7784
5230
6048
8005
8802
8262
6674
6110
2329
8699
8885
2975
7885
6025
1059
5693
5082
5152
6406
7130
5694
9518
6093
4192
8399
1799
524
5799
2718
7226
6173
2127
2437
4176
2360
6283
689
8777
5003
2774
5770
4532
6967
7554
8488
3460
1050
5337
6448
664
2250
1476
1248
1861
6514
7239
6257
2341
9462
177
4986
370
2111
436
302
9928
4334
7016
9595
5948
4277
3264
5063
3494
9517
5624
8525
2875
64
6452
5584
3623
7082
4521
3790
1674
5073
6678
9367
4073
8359
2283
6366
9275
9208
9140
1045
4032
8041
4299
1090
4284
4995
4517
5155
434
8472
63
3094
4135
9530
7088
4774
8567
4594
2557
179
1509
2055
58
4588
1614
2752
2889
5985
8443
9617
7339
4367
730
441
2093
5381
3145
8243
8284
1836
809
7042
6988
9037
4610
3221
1662
3734
7302
9038
1129
9179
3873
2732
8958
4286
810
3198
7875
2484
3835
961
8579
7795
732
5029
746
3206
4260
8903
543
7891
6831
5190
8474
8941
2504
7921
6373
5835
6880
2772
5121
5753
6426
662
1307
7176
4688
7779
7826
7113
3840
5914
8100
8923
7836
738
6824
101
1579
133
2432
5698
4327
4856
7234
8201
5165
1198
7056
8394
8922
308
1885
905
9263
8631
257
8257
7372
5682
7987
700
5674
6981
8271
1346
8873
7756
5537
7830
7386
8892
4760
4735
8216
9168
8546
3350
3496
256
4441
6826
4908
1011
1563
52
6268
6822
1904
906
9861
5589
7159
9265
633
9210
2493
1942
7515
5498
509
3241
4436
1437
1583
4694
1825
5969
7783
7520
5605
824
7495
4836
7262
5938
3975
9919
716
7729
2554
9008
9983
4896
476
8782
8662
551
2551
108
5322
8630
9694
3476
2070
4892
3636
5905
2981
525
7890
9955
6353
136
2016
3167
1536
4821
4016
5105
7224
5106
5037
6143
5087
3402
5393
5675
6834
9170
5224
8813
2680
800
9393
9933
8089
1805
9211
3004
4612
5356
8547
6527
5573
5637
2356
1900
1818
911
26
3326
9650
5786
4309
9736
6062
8957
5443
9718
3879
7400
7706
9488
5215
9424
8905
5737
2421
3851
8693
1424
140
9897
7530
1081
2823
5312
5712
6599
9124
6037
2164
8981
1555
7383
8214
8729
9219
2467
1442
8351
6287
1172
6059
8205
279
8681
7196
2966
9010
8589
8772
5603
6630
6316
5020
7158
3661
2486
6099
8690
5336
4574
1455
6512
558
2528
2768
4737
6127
5996
4231
143
7285
348
373
6207
9463
3545
7628
5729
2071
2881
7834
189
409
7421
3465
9079
9800
5494
2429
9594
1235
3627
5514
1590
2795
3864
8890
1223
2844
2944
3156
4741
8727
7442
1618
9792
8055
3866
8103
4013
9839
3934
7896
6358
2188
7406
7484
8450
2381
7958
2910
6310
9883
588
7929
8799
1756
4152
5857
4092
5132
5979
4320
4154
652
3294
2064
1023
3406
86
5411
8430
4478
1003
9351
9661
2942
3255
7673
7732
7819
2571
1156
5008
9377
7411
971
8581
4045
9238
4128
4471
1540
1009
5466
7621
1557
8986
783
6937
8796
9836
1832
9005
7626
9615
9289
3947
6379
2342
1006
2829
6356
7317
669
8607
1212
3508
8117
4193
5812
6281
8884
1022
5363
5315
5580
5915
8608
1417
4498
8470
6417
7810
3785
1925
5523
7989
9161
6335
8251
6286
6513
5250
5692
8279
4568
8364
4383
2448
98
7043
4273
2943
3677
7385
2560
1146
6291
9441
915
9201
613
5489
5
3307
1457
9719
797
9309
2027
6278
7942
1127
1634
7446
3730
417
2468
4702
6683
1168
874
657
1906
9681
4239
5102
851
934
294
863
6805
8371
492
2965
9186
1261
9710
1448
9546
2370
5884
5993
2231
5591
6397
3296
2522
3437
3461
4072
3617
5772
3280
6535
8312
9471
918
4219
7403
8664
1176
6462
7998
4569
2545
6343
9523
4394
510
9382
7282
5431
6576
2358
1480
999
4932
9067
3500
2586
1113
3562
4490
3886
7150
8949
1295
7170
4213
2962
8344
5144
250
5794
6609
8900
9176
4685
5883
1726
3286
201
7276
1329
9175
9448
1952
8129
8807
5806
8010
9723
6649
4351
6083
8228
7434
1337
2029
4749
9268
6868
4093
5738
8437
7930
3203
1846
5617
1267
5815
6333
8846
8062
4453
8618
9724
8082
7893
8116
3663
80
7478
5133
2297
4648
9337
5424
7665
7551
6672
3796
5005
1097
142
4531
584
9686
8109
5856
6952
2
827
1286
6578
9023
4882
8676
3177
7283
123
8572
7462
7213
8808
1611
5232
8444
9416
6226
2553
6935
6892
7382
3593
293
8358
1475
1820
5664
3820
3196
8558
4431
1372
6631
8229
9434
1472
6277
8641
273
4188
4652
5460
1254
8148
5790
8914
9066
4880
6295
5548
1492
3071
1739
6405
626
9954
5271
7618
4262
8543
7532
481
6377
3477
8369
5900
9870
2725
8575
9935
9838
3139
6334
8528
3122
1895
8977
5159
5920
1019
9226
8033
901
6132
3533
6968
2230
4509
4982
2252
7806
3
834
1753
5034
9951
9322
5434
1147
8745
1697
6240
5347
9396
1551
6548
7106
4021
1733
6415
1104
7093
5551
5935
4019
7323
8137
6042
4076
695
3944
1044
4392
9522
3748
1963
4266
7008
7294
2277
4545
5707
8171
9425
2203
5186
6594
6184
6561
7490
9323
9285
1354
1231
5649
1923
6232
2182
9746
9244
2130
9109
8184
2599
8505
5531
5483
8254
7680
1017
1450
6524
7710
1517
3943
6236
435
2542
5554
8046
3293
638
4310
6404
1125
2114
4590
8668
145
3582
4500
5833
9923
9900
5398
6663
386
2596
7394
3589
2726
5383
2167
6285
3051
8242
2153
2681
9574
7645
7996
7058
3819
2214
4
6376
9491
2588
7013
5569
8879
2572
6861
9330
7892
2818
4875
7456
2862
5507
1572
130
163
4074
5369
6927
4408
520
4874
9784
3569
6444
7797
3499
7747
6754
5972
4977
6359
2682
1463
61
5733
4346
5229
6847
2404
8140
4226
975
7439
9372
1632
4787
1072
7044
3620
9964
7926
4145
7037
6769
9677
7063
5435
5757
1987
2359
9292
3813
9473
6530
1757
4738
612
7050
3401
4734
4817
6472
5284
1943
9058
2662
8643
6352
7594
7977
2216
5148
4156
2988
3020
1635
3270
2573
7410
6113
7693
2185
7002
6209
6436
418
8563
4925
3412
3659
1578
5449
5821
6094
6694
2023
4185
3259
3696
1052
7370
5114
7579
7348
9969
3278
1706
8859
9795
5476
1339
3711
225
3898
9878
8617
5234
3030
2789
6806
4235
619
2921
4081
2169
5042
7194
2938
7653
686
4212
9506
8234
4375
5012
1049
6030
6395
4326
9583
7345
3599
5283
7588
7429
966
5748
9405
262
1316
2196
5258
1414
5198
7451
1687
5294
838
6517
1320
4549
6590
1678
7727
8368
4653
8537
873
578
9312
7498
226
3565
193
3645
5568
8325
4657
2866
3332
4005
9137
320
2177
4344
9086
4112
5966
6351
2334
2439
3263
1300
567
6624
38
1119
9572
6901
7713
4676
2873
4989
6583
9489
9614
6554
3800
8805
9493
2834
3660
5314
3523
3084
3688
7785
9638
5608
472
4804
517
292
2971
6294
5726
680
983
6810
9967
7954
9529
7121
7388
5633
7777
160
3386
8247
1002
1177
1520
3403
4144
3141
2933
9272
1741
865
1981
6237
9989
4539
3384
4201
9653
9148
1587
4393
4391
4709
1559
3320
1474
2039
3289
6742
9961
367
6613
7730
5478
2031
421
7741
8902
8536
3923
1488
6153
5127
4863
973
2895
743
10
429
447
4465
7010
1911
5516
4301
6980
1120
3225
2593
6122
2762
4237
6550
6687
8494
8765
7125
6799
42
7235
3687
957
2060
1024
3501
6104
6095
7081
7508
5740
5897
1623
103
5869
3415
57
3816
6125
5506
7022
6040
2728
1945
1575
3779
9508
9580
5849
9409
9059
8742
2854
6422
4417
3163
9379
6385
1226
1196
6205
7654
1117
1690
6637
1278
8222
5275
5089
5120
1020
9359
8718
7524
7644
1400
8679
9443
2890
7153
7115
7868
4158
4710
6263
2905
820
1145
8715
7308
7577
7255
2466
9185
9830
7516
6149
7762
5183
8639
7455
1277
8021
3802
825
1141
5967
6879
871
7560
9796
7110
9126
2030
102
7939
6648
6854
9469
1035
8135
8045
3962
8377
4598
4251
3995
9009
1664
9454
8701
8016
1043
3869
3155
3572
2848
9549
4999
5932
9520
3439
2503
5353
6362
384
4815
2248
3101
2034
6010
8521
7799
3574
5686
6964
3388
4166
6203
6693
5958
3424
6463
4265
4716
431
3356
8401
2047
5269
1685
2053
788
9527
511
5752
8049
5078
7206
8363
3054
2483
9281
7470
7459
7964
7787
5685
7978
8678
5473
5721
7454
5776
4381
6812
2754
5892
3135
405
6147
9613
9934
2660
9117
1438
8138
6584
6219
3277
799
2171
6224
4602
1807
6947
3260
4297
8833
1858
1573
2658
30
2932
4353
5840
5555
5860
9360
2446
7347
7559
9528
6736
5000
3376
1750
4252
5231
9837
6817
8888
8534
2336
6913
8449
1506
5574
2556
9823
7483
4617
3830
7861
1998
5428
9699
2851
7829
2325
5016
5146
7624
1005
618
9224
3989
832
6103
5358
2615
4885
1762
6035
6201
1782
1361
728
1917
9507
8282
2547
8348
2632
1710
5917
691
6701
7457
2871
6443
2923
0
6461
4466
2224
8061
5412
748
3211
5992
243
3431
5836
2900
8423
3705
2915
2986
540
1260
777
701
8487
1074
6520
8261
7011
8122
6729
978
2657
7553
1244
6045
4912
3924
5436
1144
7968
2688
5209
3621
742
2674
3637
4088
4786
187
9361
8980
4766
2234
4784
4258
5427
8860
3707
7821
47
1766
3596
6077
1259
9135
2418
2255
9889
6229
6345
7894
3881
673
1968
7105
7463
9030
3368
3323
5177
2291
8338
1429
8816
9150
8030
3584
2530
7229
1544
6747
5484
5765
6259
6782
2005
6873
7207
6558
7223
2534
7304
7450
8415
8478
2722
8660
5987
5656
3675
1193
1692
6960
8663
8337
7864
6348
1264
4515
465
5715
3638
5343
8269
9080
8083
1988
2991
7334
5240
3889
9040
5493
3008
6902
4634
5471
4244
478
9592
9365
8026
7007
8178
1790
960
1458
4542
491
5779
110
7550
347
4295
7838
1837
9036
6534
9105
2227
22
7338
8566
7177
6210
5902
1057
6284
757
758
8029
3432
6064
2984
6349
9510
2072
8960
9773
1666
1219
6230
2134
4061
3387
775
9918
188
6891
3271
6054
1524
2785
676
547
7335
7175
6889
9381
1330
3630
7186
252
6745
1384
6204
4357
4736
565
9250
974
4976
9209
9464
6801
8439
6098
4520
2624
8421
2813
307
4939
9766
8554
5527
5645
3824
2219
5699
5309
8961
7897
9776
6616
4589
5845
6794
2720
1123
1184
4543
7117
4650
7034
2825
8577
6547
7639
4427
5301
9942
6676
8151
4663
8717
2095
6264
9149
1071
9593
1062
9910
6802
4813
3114
7627
1174
2524
6883
7413
7393
9505
8012
8489
9455
8987
3165
4971
6041
2414
4503
1746
9300
3080
4725
2085
8036
8787
5497
1016
4597
35
161
7398
9585
4763
3777
3232
2048
6922
6846
3656
2870
4249
1725
4527
7943
3001
1060
21
4010
7145
2595
9707
2492
3125
124
7407
945
9371
5141
7162
7267
9994
3261
391
1616
7389
1521
5894
9531
3736
5697
889
5865
4268
4910
3183
3027
2507
3520
5304
7771
1215
1105
8456
5592
2092
3360
7164
2703
2487
9444
7699
8095
2240
6955
2724
3657
7195
582
8680
6315
6383
6258
6664
1745
9604
192
8737
158
7857
3108
5406
2501
4272
6679
1997
1842
3455
3981
53
660
3887
6043
6641
1426
6753
4823
5775
7974
2565
8032
5293
4953
2110
5983
7492
1036
1163
2343
2402
4240
8167
5051
9428
9757
8591
5480
6696
1735
2453
6766
1110
7545
1695
6781
6429
1166
6017
7414
8562
3298
3775
6427
2540
7205
4636
3918
8492
2012
861
6038
2995
9107
9026
4973
3913
9003
6495
4993
9995
857
8462
651
2192
1021
4227
6159
858
1296
2076
5703
8795
7661
9980
1236
7692
3564
3885
791
2488
8044
5847
8532
7077
8702
2734
9538
2917
1723
3493
9665
7278
1445
6088
568
7046
67
8469
4234
9390
3605
7817
9452
8919
5933
1919
4954
899
9692
7925
8305
8736
7772
4426
3444
4125
9142
7023
5763
4479
642
2562
2552
9631
8937
8293
3784
5160
912
9110
8786
2748
9097
9355
8244
4753
9940
8162
5158
2398
4965
3287
220
4069
9890
7739
4499
4830
9326
5247
9196
3540
5300
2265
5679
4584
4919
4497
4015
2190
9181
998
1025
8189
3436
3925
1675
3618
6593
5072
5296
9287
4960
1908
7685
5360
7500
717
4794
6573
9851
1672
5658
4165
840
5263
5243
8628
8827
5432
8824
2983
649
2519
9797
9864
4644
4199
3086
7505
6106
6504
8623
6342
2089
8426
913
3761
5418
2760
5614
1588
888
6341
7143
9794
1406
9623
8576
5587
6501
2687
7102
6614
1321
1879
2286
770
7870
5611
4184
3015
374
2426
2209
2000
3818
908
6784
8955
9498
8165
8637
4096
2457
5910
9060
3936
8283
1845
1530
5959
847
324
9915
677
2191
747
9895
736
2094
4816
8785
6438
410
2074
7677
9112
5257
5622
420
5687
1370
3919
9557
1444
5662
8274
2096
4025
981
615
881
2251
5023
5119
7103
9433
5586
1159
6596
3587
5299
5185
7154
1624
4788
6667
1325
2480
4718
2415
8973
3771
1375
6437
4828
5044
6492
4133
608
1855
5126
1225
4457
6610
7633
1077
3237
1713
7373
5442
2526
2989
4988
9199
5783
8964
9715
4027
9849
8277
4139
1728
316
1385
5043
7780
5745
2706
8677
3168
6526
7815
7238
2527
2592
7203
7119
887
4659
2563
5259
570
8752
3474
977
3850
8624
4877
313
8315
5320
5467
3283
1272
3858
5380
2977
9034
7215
8502
6157
8125
2491
3459
1348
7192
1247
138
8238
2644
3843
5397
7720
8200
1246
6332
5022
4043
9981
8193
8126
7328
4278
2767
5681
2146
2904
3353
2509
2180
4126
2781
3060
9640
7655
6154
5395
2913
2793
727
7488
7485
1243
5481
9052
8058
6428
5981
1829
8862
650
8712
4282
5331
4430
7886
1360
4157
6325
3693
5518
5907
2346
5585
155
4376
7538
1412
9656
426
5964
7072
6926
5290
1617
9291
3324
539
658
1598
7026
5333
5634
8837
12
413
552
2807
7144
9220
8467
3072
1813
9702
3583
3543
3550
8697
7570
6557
5130
1449
4130
8954
8107
8580
575
7740
5923
3391
7760
3186
6238
2241
2302
213
4246
1078
1811
2520
9088
9533
4673
4340
4028
4470
4397
1167
6734
4530
261
5166
577
6803
4575
6131
958
2918
1992
6592
5795
4008
2149
1896
1202
7683
3698
5490
5096
3880
6097
5620
4758
1446
4666
3210
4841
5216
7337
9028
7669
8674
1493
5192
6607
9850
3442
9687
4097
6011
4182
1075
527
8408
1443
2403
6543
3452
8696
7032
9674
4981
8213
7135
4719
8529
1909
1359
5623
8114
5792
6707
8464
9679
6186
2083
8616
6775
7609
205
7672
601
7290
2318
3028
4274
4361
1107
2278
475
3383
6539
6329
8303
8822
7306
8431
3362
8412
9722
7726
8956
3055
5855
6174
8340
6813
4242
9277
222
8465
9338
2304
5396
5909
8436
1780
8411
7494
8551
3823
1115
7247
118
8372
3722
1165
5925
2798
4083
1
9131
5502
8600
6668
5191
2956
9582
6386
129
7918
5262
3438
9392
6680
3616
6433
9352
3529
5482
4900
2616
7218
5382
8207
6551
8947
1136
9817
8971
9922
1029
817
990
6796
423
1681
9872
1625
2891
223
2112
1894
4099
6398
2151
5068
8545
2496
8014
4090
7070
8153
2670
8938
1897
2712
1073
1063
6274
8435
311
3676
5725
182
6350
924
3191
1654
731
7948
2065
8771
6866
9016
5838
4748
6541
3483
6262
5074
4647
5041
2116
8166
468
2118
808
1468
2810
3717
9571
2837
9333
8079
291
1890
2753
2575
8601
4336
9119
7197
6808
7275
5762
528
5085
6418
9558
2068
6546
4641
3946
5433
3351
7598
3246
6636
1823
268
1729
6896
1308
3633
8996
9545
9652
134
3826
7083
5977
8336
6835
1396
7132
5348
9610
2254
2907
2841
6344
5013
553
8233
866
147
2157
3611
1571
9979
3138
4936
7606
7602
9103
9965
9370
9853
6228
8967
1754
3882
6604
122
5453
4717
196
6202
5457
4372
2710
5422
4293
4448
5823
9801
238
8224
1291
2830
9667
8387
5325
3720
5193
8651
3567
3525
3994
6928
1301
8998
7399
7086
1461
6320
9958
6702
760
4029
2423
4303
7097
5373
6570
7428
5254
5289
734
3552
2365
1265
2166
3712
7572
3655
8834
4460
4746
4433
4775
9809
1912
9876
7544
5651
8613
5921
6598
9810
1099
6435
3822
944
1454
7286
631
9646
7440
2842
8548
4395
7811
839
3200
2612
5276
1877
2305
8915
3227
1718
7509
5673
8378
8245
4302
6370
8388
585
9019
5362
8414
1015
477
7220
6227
3170
335
7915
6012
4940
2803
3340
8619
4783
3992
393
3782
1821
5182
8416
3831
1037
3692
3179
6046
5550
9225
8120
6798
5717
3272
696
518
5147
2335
5316
6139
9742
8983
9032
8172
1867
3219
3601
4701
6518
4780
3025
9891
5213
7036
4124
6931
3741
1977
9094
9271
2228
4105
4572
9147
7796
8610
4168
6269
4829
9882
2462
4455
8296
9164
4824
5001
5452
49
5999
4233
7611
6079
3181
3091
9151
3716
8072
7755
5535
2363
5366
3563
7529
6214
5788
1547
1323
1684
4631
1494
949
5668
7327
5540
5811
5122
2333
7423
8500
9127
8615
1382
5850
8804
5843
6990
5249
1994
2330
5961
4270
9280
3317
3208
948
3845
5203
2378
1143
3422
4798
9684
56
8776
9479
7738
9259
3104
5351
2537
4633
6146
7161
2906
2469
3671
5769
5867
2081
4662
2018
2436
4050
855
1850
342
3519
9217
1014
1603
6720
9116
4341
1627
1092
3341
3126
7847
8657
3311
1969
1838
6233
8316
5741
1241
5084
4063
4089
5619
6431
1293
6857
1026
5486
1070
8644
6904
9134
1157
6620
9256
3160
9829
2408
7556
2332
6634
9666
357
4573
1500
2708
8781
486
2717
9236
9678
646
2790
5136
3077
6140
8152
5413
856
9620
6161
5004
2831
725
8267
5730
6474
1683
4101
8362
8
4057
7599
643
6102
3131
8004
6719
126
5212
8429
4686
1714
4042
4007
6580
5236
1304
2391
2405
4951
8179
7091
3893
8832
6220
4576
2634
3861
8921
9648
6175
244
2885
3218
9597
6577
2237
1315
1087
6768
3791
8848
6669
5579
7566
994
8863
5253
7291
6051
9282
8497
8904
2184
3983
2207
7503
4155
2672
1311
4211
2247
4058
9649
3521
2773
5069
3069
2128
5947
8332
7880
8440
9515
4315
3458
2037
2941
1386
6360
4382
6253
715
2158
538
8360
7167
3166
9566
9373
6587
755
5754
2073
8994
389
5374
979
6983
3993
9978
8145
3762
2445
937
4003
4544
7401
2876
9541
7674
5052
4603
4432
60
3450
3005
5912
7792
8159
2144
2450
4870
1659
9101
9644
9752
8648
765
7486
4969
795
4314
7368
9197
4827
7124
6424
4371
2822
7073
4059
9266
382
9221
6412
3349
1340
8339
2267
1030
1425
515
593
2285
7231
2028
6643
6537
914
3559
1734
3137
7546
1513
6394
3504
4449
5394
602
6247
867
3157
3729
7877
1421
2062
8565
377
7075
821
3921
8741
2417
1677
9106
8709
9763
2541
2832
379
3112
326
3102
408
4406
9205
8455
1878
5809
9690
1357
1511
5019
8407
5814
4204
6553
9991
3733
3217
3036
3058
33
3928
2280
8168
1318
6529
8063
2456
3207
8920
6545
8841
8445
5117
176
3725
1860
1142
3960
2654
1880
9193
9697
806
2088
4115
6058
479
3594
8507
9509
4680
2897
415
4838
712
4608
8909
6688
997
7961
3344
2902
4522
2386
7432
2791
6130
2475
456
5194
4740
5844
6870
8665
694
9868
3805
3372
7696
4422
9278
6116
7257
2412
8240
2743
1028
7225
4040
9827
1652
6476
4837
6451
7843
8226
3891
7717
6778
151
3906
9394
688
1055
5939
7519
1201
1499
1108
6750
835
4729
8559
2119
2244
505
9672
9663
305
4207
4595
1937
1083
7350
5163
4767
9858
3872
4461
1230
8831
4833
8830
9363
3453
7562
6109
7622
942
3081
5097
4743
1883
2109
1529
572
1399
7116
4311
802
340
1124
516
8586
5581
1207
609
1960
9953
7281
9014
9659
9429
3846
6863
1373
4658
6305
5593
5782
663
7718
1901
4913
950
309
579
3528
9903
3408
7079
5970
9562
925
828
2479
2373
358
2399
9992
216
7059
6760
3927
7292
1830
6948
1317
4565
1395
8425
3144
2229
8119
5323
1218
8861
1256
7962
9202
5292
7856
2324
5636
1389
7009
8974
5578
8711
5288
5684
3515
2014
647
940
5065
5092
5582
9029
9335
7104
9867
267
9717
3399
3867
7364
5448
1840
8733
3269
2695
6959
6563
3363
1869
8018
545
9294
3853
7568
6084
3532
2473
4111
8506
8085
8670
499
314
1964
4525
6357
1158
255
6853
8775
1004
2226
8490
1959
2059
6155
3250
7219
4290
48
2779
2643
2523
3000
6408
6724
4955
813
8347
5154
2295
4141
4263
9053
7841
3488
5858
284
6162
2058
4030
7168
4198
3951
656
9688
4257
2485
7480
7240
270
8927
5319
6763
7902
3454
3553
3443
1915
7721
5334
2253
9388
254
9182
5103
359
5006
4950
3389
2239
3463
4820
2713
9407
7268
5968
4809
9273
1594
1481
5266
8655
7976
2082
9077
3347
2549
356
439
745
9832
3100
7585
4187
3922
6114
495
6260
5777
7767
4428
5842
4945
9758
7061
8211
6905
6531
3908
8001
3860
3585
6311
6911
4122
8764
8017
4444
1970
9701
6369
7511
678
3451
271
7444
498
437
7809
9927
1465
5499
6246
3007
8535
7069
31
1561
8552
8367
5066
557
4839
8788
9804
8700
3977
2857
833
1884
581
5495
5032
9350
3338
595
5426
4797
7614
219
4047
8803
3288
3257
3056
9986
9348
6172
9971
2220
7128
1602
5997
237
2211
5125
3053
2293
9251
8963
8746
8936
2235
6414
2867
6572
7416
8043
9123
3393
6848
8106
7670
3299
66
7900
2178
9358
604
9535
7425
6249
4502
6067
9248
9714
9303
4304
2970
2698
2148
9412
6695
2123
564
8206
6323
1522
350
3374
9526
9386
1053
7561
4364
7569
7884
2261
8112
9461
6218
5451
175
2156
5430
5683
7623
7945
5820
2409
9499
2847
164
3899
1403
3952
1413
9788
8669
884
968
4458
7631
8597
5852
9380
8688
4183
5626
3032
4329
3554
334
2566
9297
6522
6399
3752
3603
9786
6924
9618
6836
7835
5774
3959
2303
9296
8569
6457
2199
2327
6647
7651
7165
3226
623
2117
1206
9581
1902
7574
8942
3577
9534
7534
7149
1519
290
5504
8612
3680
6843
7038
5808
112
7567
7084
7402
7296
6313
9427
4238
6163
8850
571
3158
1903
7916
2098
6194
6659
2973
9125
5613
8253
7475
1787
8901
141
7707
4580
1962
9587
2694
2770
3536
3381
3333
3871
6655
6133
7172
9231
5628
8587
8966
1965
9598
3973
5515
4984
7904
1242
4232
9753
9781
7249
8163
229
9246
5666
5171
8220
3969
6776
1338
1471
2317
2126
2428
2269
5543
7678
1646
1886
4116
5575
7236
107
4245
4724
7314
6447
5863
7991
9542
7744
2937
6267
5911
1082
4693
2701
7552
7012
5053
877
7260
9926
9845
8174
5321
2273
9411
5735
630
607
2091
2998
7067
1098
1727
6071
8695
900
4778
9896
1554
2090
5667
2797
6625
3721
3426
4501
4765
470
5980
3359
8047
2705
4053
7634
9344
310
1154
5895
5341
154
4250
2826
2969
3990
9163
5354
1393
2761
8893
4583
8406
2955
3833
7464
7603
8287
7700
7557
427
327
6714
8659
4869
287
372
5180
6842
9460
3024
3849
6000
5287
9082
5379
1483
522
8186
6767
387
4756
8350
5590
2139
2351
2954
7090
7934
5759
6389
7837
4854
8843
9206
3829
9860
7591
726
87
8524
260
8088
5401
2976
9172
3767
4959
4534
4194
7650
8154
9775
8319
6465
7033
7250
4593
4489
7742
6756
2455
4895
3542
589
3244
3751
2388
6710
4474
1758
7222
1420
5056
7243
8433
8146
1839
2331
8944
9930
4943
9985
9072
5339
4398
1268
8009
4264
3911
7986
6085
4467
6970
2315
7980
5149
6932
9778
5075
5659
4640
5522
2805
2894
5571
2618
7649
2816
7854
5875
9260
4172
6804
4938
9191
3128
9600
7895
8308
573
4665
6423
929
7822
4790
5559
380
814
280
7646
2017
4844
9906
1095
9658
4894
4485
2057
5648
6645
3682
7160
9025
4414
7365
9553
6459
2960
1018
89
8739
2195
9397
3750
4715
6231
8599
3986
5819
2919
1210
339
1253
5755
6318
6026
3942
7140
5625
2730
1815
5973
2430
5308
9406
2349
4288
4739
8720
5655
8979
1240
8110
9400
653
4044
4127
781
4412
2925
1717
7133
4805
8070
6282
7232
2516
4761
3480
819
3507
5546
9519
3837
5116
3930
9213
2958
8185
3251
9157
4861
5742
8583
6907
4963
3648
5252
169
3243
1668
9605
9608
894
167
430
5487
8144
7352
6978
4626
2719
4972
1768
6321
4365
9854
432
8895
7558
4667
9047
1953
2233
4937
5244
1568
1153
4079
6138
6137
1171
2608
3557
8300
5874
3489
3173
8155
910
4627
4316
1178
4197
6199
9805
4655
4600
7969
9476
3423
3396
3152
1118
7549
4897
5739
4747
2594
9673
4916
3865
275
352
2802
4581
8953
7881
3417
3231
7963
2266
3740
7641
3970
5388
2131
7217
8997
5188
419
4209
9295
353
7027
4386
1305
1302
8194
4407
5764
2367
9399
2505
392
3968
2008
6795
9834
9831
5676
3801
4403
9643
1496
5965
9155
7435
1464
4705
4692
3629
2416
7071
8468
1665
1931
4931
6582
4046
3738
1047
7189
5616
2763
7129
6033
886
718
2548
1605
3551
6096
8908
5936
5854
7190
7233
504
1001
239
4994
7392
3909
3653
6039
1595
1774
2103
5469
7610
644
6887
24
739
4064
9227
7076
249
1061
7828
4131
9802
8870
9516
1599
9937
6612
4313
8734
7426
1531
560
1183
8939
7391
3788
7381
2729
4051
2256
2499
7824
9270
1407
4674
4547
1255
3890
9068
1197
2801
8156
6449
5594
2792
4858
9760
837
8275
4181
4708
6800
2808
1279
7782
4637
6995
5233
3668
1430
8766
3612
6506
3979
2355
9917
5386
2721
7288
3684
3321
9340
7422
1138
2217
2865
9550
3421
471
3512
2912
9675
7873
8864
76
8605
115
8180
4136
3588
390
2953
7535
8453
938
8252
9972
3214
1680
7270
8320
148
6403
9252
4094
3018
1341
3390
1567
7635
9046
4169
621
3309
8057
1546
1785
1276
4750
3535
976
4730
5474
6825
2470
1427
3541
6564
3714
923
1266
1670
2864
3573
8719
8886
3022
2352
8990
4071
8755
4481
7047
9768
9466
580
6897
8857
7481
9214
2140
5680
4796
9486
4356
5143
70
1467
3939
5018
8202
2137
4285
9894
276
1641
8523
6691
4684
9115
401
2846
7443
1938
3619
1930
4606
493
2222
3448
4368
1744
3281
3204
4519
4335
8945
1608
1707
1797
9651
4942
8278
2183
5588
898
1748
5780
2350
458
4009
8640
9936
6511
3486
4248
5934
3759
2206
6975
4757
6765
7122
5524
8131
1096
6559
1767
6420
5627
9893
221
6007
9645
1784
4014
9162
1131
7725
7066
4985
2319
4358
8495
4946
8840
1162
8078
5405
5720
3980
1191
2434
5919
9319
3172
5067
4415
2641
6445
7865
8115
3357
1504
8241
916
2536
1582
6544
785
5054
5375
733
2464
8801
8930
9075
9852
8731
8703
6276
714
8309
4889
4557
1854
6060
9826
1204
2868
4214
7689
3793
7923
6434
4442
2756
4791
1586
4434
6455
7888
1516
6908
6485
9887
8710
8491
6741
7417
6818
181
9249
4930
1292
9445
1597
212
2268
7476
2821
6555
4561
3254
7489
532
5286
1982
8595
81
4806
2210
2665
5744
7126
8441
4317
2677
7241
751
2107
8273
8606
5521
6151
274
3249
7625
2208
6851
3092
779
7619
9223
6066
5221
1477
1436
5954
868
3425
5810
6156
4070
6829
9654
5873
6338
919
9842
4510
1485
1600
7995
3472
3037
4947
6792
2067
2033
1352
489
9996
3560
7152
9774
6193
5214
7211
3395
5139
5563
3063
1984
8075
69
4933
3669
6814
4512
1874
2308
116
3604
9152
3644
1817
4035
9114
4221
6993
6197
3457
8910
5045
6314
9642
6961
3847
5650
5355
7637
3223
4745
9637
3814
6675
3844
9090
6402
1814
3514
9084
5988
8821
5150
3735
2218
3991
6303
3178
4060
8538
8419
8451
4296
8008
3078
4857
1189
1368
1391
9293
6508
4146
4707
2376
8932
7404
5882
7258
1765
9065
37
4114
7138
3247
6974
5706
5128
8513
6972
2627
3153
8779
9641
9438
9430
1460
7068
9904
7074
362
6128
1950
4731
9770
6176
363
4679
1944
3614
9840
440
4475
523
2751
9503
6183
9619
3113
5893
8675
3651
4927
4905
7438
6196
97
7576
6945
7409
7563
2310
5544
2189
8402
8527
3787
9532
6651
7491
1870
6254
4864
7571
6755
3809
890
7430
5974
4898
3339
7947
5181
6195
9987
3524
6032
1591
3006
3129
7752
3570
6086
9912
1290
5465
5211
1585
9146
5098
4399
6751
8035
982
95
4108
9001
9865
7427
5690
2443
8855
9537
9525
5298
2635
4034
1990
5832
1089
5532
1888
724
1801
9843
622
5708
9790
7141
1927
4678
4078
8034
805
4001
3097
5924
8069
241
2452
1651
7377
3284
9039
6773
8086
2927
8190
8845
3781
3958
2369
1783
4283
9274
2625
4037
5305
5890
6484
2735
4077
9977
6838
8322
922
4482
6396
4195
5189
3427
5517
8375
7521
8264
6061
2646
9269
5057
4518
210
8728
1996
1592
6811
2054
2859
3124
1565
507
113
8000
7303
2649
3380
882
7866
2569
6749
4923
5455
1134
8143
1366
7256
9815
4494
7501
6273
878
8770
5419
6608
385
7938
7993
282
2187
3670
6009
513
4404
5205
1282
3492
1606
3628
6916
9325
8636
5173
6292
7376
6837
3334
4570
3632
5091
1433
7510
7015
4378
8604
5458
32
1804
5291
8428
7183
5062
9521
8170
1847
7320
6789
6331
9691
7750
3783
6591
1779
1648
9799
8306
7201
8743
1948
6482
1195
4921
2796
6374
9421
5439
1806
9318
2075
9169
416
4255
1342
5604
9093
8735
4808
1991
6568
6053
9728
7266
7879
7156
5595
3854
4205
208
6618
1722
7666
424
2693
8894
1637
624
4338
2424
7374
6001
4826
8327
684
2513
9811
5223
8871
4294
1237
9044
6721
1067
8052
7831
4987
8948
1569
8479
4276
5364
8798
7360
1139
2361
1079
9431
8725
780
8869
4049
9180
5297
8800
5328
7573
2366
3267
9777
2407
6973
183
4727
6758
3892
5187
59
2775
5310
4339
1639
3301
3510
526
5100
8218
1381
8654
8692
6930
907
4075
7539
1121
3371
7351
1408
5785
4508
6603
9931
8515
5129
9609
2296
9819
6346
5758
2375
784
9729
1751
972
1213
4879
537
8557
4446
7191
9420
3464
7723
6206
6912
2175
5711
5971
1607
4377
3678
6430
8622
8037
3103
3576
8056
4592
6764
9203
7340
2591
2940
9395
7024
811
1187
4991
836
2651
9671
1819
3522
5468
2176
5816
1332
7517
9756
2605
7329
8357
1527
512
2580
9579
7612
3615
4162
1803
5990
448
8881
6985
6946
211
4822
13
9207
9576
7851
2757
5688
3747
2294
7827
3640
7719
8454
1188
3085
9450
8544
6299
3852
8585
6971
3789
9577
6705
936
8838
6185
4546
9743
9511
1824
2124
2741
9144
4915
6016
4777
597
8080
4369
8835
3625
6827
4401
3807
9121
1686
2887
5488
2129
7512
1283
9154
4462
9689
5557
8539
2964
4189
5408
7778
8188
7142
6400
1065
1772
7497
4039
3336
6575
3646
8203
7277
6661
8792
2274
3212
93
6628
1405
4906
5610
9737
5995
4842
5701
1910
6785
4437
860
7774
1892
3033
4771
7731
467
4768
636
822
9190
1374
6056
4873
8395
3109
6510
125
9130
8013
5295
1497
9158
754
5026
4550
4664
50
4803
8972
3095
2745
84
8716
6467
4148
3982
2497
9328
9998
4698
6441
100
9315
4259
1562
295
442
4487
2587
1469
1258
5639
8503
2056
9970
1720
801
3797
9793
1638
3441
6713
5268
7299
5533
1752
4011
3506
5227
6509
6478
2750
2198
2482
114
7966
6917
4526
6073
7911
3658
6468
5831
259
8091
3096
6516
72
5670
1553
3905
2619
3050
8404
6234
4548
6023
1976
1831
6494
312
4175
9336
2397
7019
3999
682
6479
4523
396
8263
9
4564
2236
227
1792
1971
6407
1280
1149
8935
519
6943
5822
8653
4062
4683
1816
7504
3901
6617
9847
2506
7816
1633
4578
1038
1456
7341
6005
9413
8756
2339
7526
3910
1865
8691
165
9696
6731
8212
1518
8458
4642
5327
6180
3195
703
7846
2374
5583
2113
9948
8993
9514
6877
4867
4385
5278
6938
3012
406
9846
2659
7924
3834
1703
6699
8592
8066
6028
1631
6179
3052
1893
9353
6034
6951
2212
3117
2755
9138
4629
5885
9487
6013
9924
6413
5839
4630
2863
2160
6574
9331
4964
1388
917
2994
9780
105
2395
4469
3825
8007
1716
5346
3713
2170
3662
4601
1899
6425
9007
5561
9467
7676
6941
6666
6072
1570
6712
3019
6665
9975
8761
7590
6639
9089
1205
7691
3971
8757
4164
2783
9317
1775
698
5946
9683
7297
5311
6871
1891
4772
6984
6270
365
6382
9501
7596
3526
7193
8666
8642
6939
8132
5529
8684
8925
6783
7907
9621
8102
7935
5501
3757
1800
398
9874
2999
4149
4835
6562
2502
5807
8246
1251
7845
7055
4167
2321
5265
6507
7555
6466
8097
8773
2931
1834
6306
4651
8311
381
8560
4944
8239
4352
6322
6355
2154
2603
1871
2683
3435
3597
6704
2740
5724
4241
199
1743
2961
9596
3110
9237
7820
7343
1776
3768
9947
9070
9590
3773
8291
610
5035
388
3275
6212
5618
3639
7147
5399
9807
9118
9803
1263
6145
2550
3003
4405
8621
705
7844
9589
9383
8346
8334
6272
6536
7951
2742
2690
7412
9113
8160
6652
5196
7629
6244
7595
1794
109
756
7064
8853
8611
3187
5542
7770
7263
6446
325
4909
789
9747
9398
5061
4354
3369
1749
6786
5511
6483
265
5841
3295
4280
2510
4970
1538
7839
8059
3652
8447
6450
9284
2833
4687
9366
2132
3760
6762
7111
6657
7174
7448
422
5734
6021
8292
4781
2620
3048
2044
7840
9475
5787
9006
5153
3538
5093
5805
1941
1344
3794
6715
2896
4305
6271
2628
8819
3701
3161
7182
1980
5437
5255
8912
2584
6076
2320
1645
3416
7014
6150
2015
4298
5429
8345
1303
674
7608
2974
8164
7287
8578
2032
2888
6387
7533
247
6002
9129
5963
4347
1647
2623
3600
3966
3613
4102
902
6141
3702
2765
3127
6646
3974
2275
1958
9356
8105
1949
6819
6790
4511
7688
4085
2390
6571
8104
9741
6828
7971
1795
8825
986
8438
6725
6020
9899
661
3900
6532
9483
3674
1827
5168
7607
7173
5756
9440
1974
1657
7724
3325
8646
3310
8852
2069
8022
9626
263
3699
4220
5349
3274
36
152
4847
1358
3440
2824
1628
9791
8301
2535
3938
5512
6739
4529
6319
5986
6092
6886
7878
854
2853
3509
9063
8448
9818
3609
3201
444
3724
793
3766
2749
4983
5475
6718
2669
4416
5079
4890
7801
4289
5879
3354
4792
329
6629
9709
8175
3744
4752
2394
5352
687
9339
816
6521
6440
7668
3013
412
3098
5176
5058
2003
8141
2077
8928
2882
1809
3755
319
4132
3878
9560
4779
6771
8382
2284
561
2786
82
2997
1228
25
1422
4819
9824
2387
2174
531
6556
9647
9387
7179
5361
1556
5714
679
2661
7493
6519
3641
2811
3147
5169
5937
2246
8039
7502
7887
9555
876
1761
9816
2963
6261
2733
191
6480
3862
9822
963
2476
1576
5955
6279
2477
6252
583
3433
9956
455
9669
7030
1613
8442
8750
7324
5270
3361
3776
2638
4625
1299
3397
2614
5862
7245
4649
4966
2838
9782
666
9835
4728
301
8176
9035
3799
2845
7663
3373
4360
9307
4901
8461
2204
7798
2653
2122
2631
7800
9554
6860
1190
184
7988
5226
3935
5274
3300
8290
2292
497
8076
1781
1343
8074
2930
3148
1828
9504
3689
1148
4638
7355
3686
7085
620
5199
7959
4810
681
3253
8724
1377
8483
4389
9235
5609
6991
2079
3967
1778
2639
1881
3758
3870
3884
3770
9108
6686
6807
4911
9470
3695
4562
6788
7178
3238
2967
3017
6708
1523
3073
9633
2145
8227
7375
5643
8324
6171
2561
371
6503
5010
1161
769
8882
1428
5225
9938
7136
402
2667
2287
8330
1102
7735
3290
1216
9500
1220
4614
4373
9442
9888
8874
5137
7600
6726
5552
8314
9076
3920
8877
7408
159
2447
6977
1862
3896
1796
9588
5307
1528
1411
4319
1200
4056
9472
3279
4853
9721
400
18
5866
4082
8295
6560
4086
767
1451
2663
6581
2138
3230
8298
9081
3778
4140
1593
7613
9629
2221
4846
7842
286
6008
3222
7722
234
4958
4390
2812
8255
2406
6475
6256
8789
4349
8067
8093
5485
5665
9720
242
6671
2926
3518
896
671
1447
5886
1175
5248
4267
1150
245
9916
9478
5539
364
7823
1392
3985
2769
1013
1498
2087
6336
7804
4567
2035
8385
3817
9855
9102
5891
3727
1835
3418
603
8011
3045
7420
1946
9625
6957
5672
6878
9764
7581
2135
1682
5400
3313
8272
5887
5768
6170
7664
4516
7905
7477
4196
598
2676
1362
7872
8121
2521
6063
3205
9229
1857
3571
6727
8911
8006
2078
1849
3664
3262
2700
8519
4691
6698
6934
4611
3811
480
4308
1419
4041
1214
5918
5050
5647
5565
9165
9567
3856
7514
1549
288
2121
8127
1542
5094
3215
9341
304
2242
2738
7802
1566
6118
2747
3987
4103
933
7021
5282
4107
3681
6241
2431
9730
2159
3642
2193
1203
466
5101
1898
1274
6662
5206
6999
6105
8596
8924
8270
8473
9565
7184
5138
1957
3449
9664
8899
7344
1688
2258
3067
7794
1667
8276
7715
5104
8933
4450
7418
8633
4355
2013
6621
8866
3090
8740
8594
4773
4607
8313
7379
7758
8084
9708
9255
2372
4876
9408
1763
596
7874
9048
4855
4793
5691
7833
1577
9833
9192
5991
8517
4507
9624
5596
5781
8748
9288
4865
2362
1034
9171
2835
9033
7702
7419
1297
9043
7601
5371
9635
8092
1130
5414
2260
9750
1507
7790
6849
5630
2125
5669
5167
3607
1058
9726
2613
8223
9879
7078
8383
2168
5784
5660
7436
44
8526
1644
927
5761
8158
2508
5716
6477
127
9362
766
640
5696
8003
4799
178
7781
6632
2481
7453
2702
1856
2819
8317
6809
2290
4202
1534
959
3945
1269
1810
6409
1920
4623
4163
772
9232
1326
3149
2570
4445
3579
198
7279
7092
4486
9465
8054
2820
9290
4424
7326
4495
9017
7975
2441
1224
283
6958
6166
217
9603
8053
7248
2392
2238
1747
3268
7889
3188
3146
6442
4002
7990
5530
762
8593
5491
7445
1773
206
8068
8027
3202
4559
4068
3364
4699
2648
9301
1379
2699
8754
9911
2489
240
9457
8916
7065
9041
9212
4591
9449
1484
7946
3130
7754
7087
773
7000
9374
94
9013
6500
9711
6733
2664
2929
1479
7396
9490
9569
3375
6152
7997
8192
7321
1431
3709
7605
8682
6893
200
6820
713
2215
8812
5470
6380
92
8891
5827
2495
9257
9474
1371
3586
7518
4256
4228
2173
9078
7039
6502
6211
5722
6589
1619
4337
9578
1537
9599
9456
4918
5705
2338
7157
1288
2784
7301
9575
9871
7405
1694
2992
6619
8726
9997
2739
1364
9945
8763
8823
2046
8810
3467
5567
1179
5280
8236
8134
2696
5519
4380
3703
1649
4147
7101
8686
328
1552
8133
2024
9921
4979
7764
1755
9492
1788
9946
9570
6458
8123
932
9439
3236
7387
7775
690
4744
2939
6432
9787
6969
1086
2410
9727
3061
1882
5505
1709
4473
9859
6065
6367
3413
137
1548
8457
1658
8398
4323
6681
4596
5941
2980
4850
3841
8484
6549
1812
6496
1543
8343
2451
5345
2194
8173
6567
1708
83
4454
3828
3047
9908
6293
3591
3708
8793
3327
903
1313
5135
5420
8627
501
529
9100
4439
6298
2950
2042
5500
7920
4849
8038
8040
1859
454
3414
6024
8297
1702
8975
8951
224
7979
2328
4732
8732
989
759
8826
8511
6944
6178
6525
360
3070
8978
9496
6703
5208
5695
2108
7642
5940
7914
7769
668
722
8689
2288
5228
2009
843
3598
7956
3184
7482
16
9561
951
6225
4789
8767
4726
7950
841
8574
2840
5131
3302
7367
6439
1826
6497
8744
2459
9939
96
8373
648
3213
264
6858
8794
909
4065
3330
5303
8508
6697
3950
54
5508
6052
3754
3479
2579
4712
2877
992
1642
6653
2382
1643
4848
4535
2163
9357
5509
6600
5750
875
5357
3511
7582
7214
2936
3838
3765
521
300
7395
6300
2861
1905
7208
1380
27
4961
9611
7230
2179
2578
1525
2281
4004
862
2337
5951
7254
3715
2514
8985
4978
5025
3742
939
7441
8815
5830
5071
484
6888
3895
1069
7736
3411
186
5558
215
3066
792
1669
9345
4769
2306
7300
3010
3035
1693
9160
1250
5564
1545
9695
7397
4967
3385
8370
2162
2637
8204
4524
6006
2311
3624
4695
6108
1091
11
8969
4934
6307
5326
9932
6780
9422
8564
8976
2200
1995
5899
7869
1401
8493
7860
3447
9706
7703
752
7309
815
2685
1935
8760
5459
4941
6111
469
9332
6222
2590
4506
9188
692
2914
4033
1975
1094
7499
2309
9054
7999
170
750
2655
2298
1679
3810
943
6014
4324
3329
3266
3737
2401
6044
5039
4084
6117
9732
8991
6245
4755
6723
891
2617
1700
8962
3502
4917
8128
5246
338
8950
285
5562
5880
7127
980
9279
5798
5202
665
62
8965
4210
8542
587
9174
5279
7293
9230
7852
2814
3118
8620
1512
5261
4312
9660
51
3610
6015
6515
8698
9513
5330
5749
1560
3133
6221
535
3978
4720
9364
4690
4379
6862
1367
4998
5962
3224
6392
5731
7354
397
5927
5461
9668
1221
1691
4480
132
7749
6486
8353
8208
8970
7913
8797
7525
9866
3409
8452
2538
1864
1535
6606
3806
318
5793
7181
6347
8876
7020
6135
2788
162
4419
869
4899
9907
7786
7200
2601
5598
1383
2225
2884
4552
8556
5878
3836
218
740
4203
4513
7363
2490
1194
8806
7045
9976
1491
3379
8509
2636
3121
6055
9959
5077
7253
5931
7808
9880
7433
969
3756
2272
5652
1541
685
2893
3679
5055
4271
3537
7199
34
6690
988
2435
8842
496
6601
5372
6087
68
4411
2010
3863
8549
6793
344
1791
5201
3407
6586
5510
452
5384
5140
1010
8588
6830
9740
5359
625
5602
5607
131
4654
9262
1435
7788
5344
6177
4493
7001
7522
1211
8791
7447
7051
3342
5090
4374
9415
9216
8629
289
8258
2440
298
4022
3042
4721
9844
5926
449
7384
675
8307
8466
3903
1350
5576
1574
6966
8988
9547
5031
9132
9898
7589
1345
8169
2642
5942
8898
5454
996
5661
8749
3763
7675
921
4067
2454
6036
5560
3428
55
9404
7793
709
4413
2101
6208
6936
2776
7361
2934
6895
4359
1508
5109
2611
6375
7358
1730
5913
2948
6029
8418
8424
2205
7060
8113
9540
8434
7768
1080
1740
5407
2869
2202
8714
2979
7941
8499
4558
6361
1983
2746
3216
7269
445
411
1866
1663
844
9738
763
721
3331
8015
3795
7040
2711
7357
5789
3592
4468
6498
5751
7274
4477
6909
3083
9725
8883
8280
79
2715
8913
4190
5273
3694
4217
2021
9401
9200
41
3595
8250
1736
1924
5099
6371
3038
4860
3912
3429
1319
3606
7261
375
3194
3076
3400
9349
1169
1347
7709
3106
7753
6949
7246
3011
4216
5904
7062
8384
7048
6365
6101
6074
4026
2621
500
6317
17
4052
1404
3685
6757
231
1185
483
4281
4888
7098
8050
5219
121
8514
7658
4287
2263
3273
9022
2449
1851
7759
5011
104
6490
3868
7180
7776
7876
474
2610
4142
7620
706
850
3209
2778
9432
4696
9104
7813
1353
4579
2879
6119
9056
1275
9189
4420
4505
3780
8361
1351
9253
1876
4225
3234
2011
6296
5606
9767
7264
4624
9031
5723
3405
2692
9166
655
2389
7565
6597
4208
7855
4269
9027
5251
1932
7850
3949
1501
5956
2525
6324
8504
4582
786
5462
2709
542
8024
8060
3082
6487
8064
8463
8694
8195
9920
2656
1271
128
7708
3897
9316
75
7617
7871
7536
1031
8907
3848
1798
2393
6368
8352
8427
5441
2874
8673
7812
5801
9539
7346
433
5851
8518
1284
5036
4186
8221
8199
1137
6265
5644
8811
5767
8215
6090
119
6107
2097
3723
7981
9187
2959
1182
3941
704
4681
8071
9785
4254
6841
7955
6579
2104
1416
3857
1934
7825
8331
9586
5601
4291
5024
965
6654
3220
3322
4956
5272
5653
3358
2353
4990
7171
6735
3988
2609
4968
228
4362
6717
3894
9177
6388
7163
9914
1947
6869
1180
9769
6454
2577
9670
1502
4048
1933
3276
3495
2422
9744
1402
7849
8147
2301
9941
4776
1875
331
2106
204
5837
2678
8432
9267
4222
6158
8328
4350
6728
8959
9482
8968
9556
8553
5030
8550
1621
4537
9050
2147
9551
6906
1558
6164
2736
6711
5095
7424
3240
1324
7325
2800
5064
8632
9713
852
6950
232
7527
7025
8480
9321
258
9261
1848
3089
5929
9051
6709
3665
9612
2544
2691
3105
1863
9111
2201
5678
3404
1699
9759
5746
9369
1432
2049
4435
6658
9901
1103
8108
3590
1007
6489
4621
1054
2564
7053
616
3119
7356
9018
3468
2666
4492
3159
4483
5903
735
6623
9622
1151
2602
3346
5549
9739
8570
6844
1771
394
4656
2532
6743
19
2133
1622
5472
1331
7330
9304
6100
8486
9821
5930
4949
2181
1170
6142
7353
4343
4017
6885
9378
5217
1239
4928
9584
5536
5825
6248
4018
6797
7632
4751
7714
1478
5464
4423
2006
6730
893
8365
3087
7216
5260
3370
3343
5732
7212
366
4429
2604
8256
5151
1270
7541
5802
6677
485
1640
5306
330
4496
8459
361
7933
3855
2574
2568
8329
8638
4119
3041
2465
5513
5989
741
7748
4098
6364
29
1704
9087
8829
5162
4785
9943
7473
3667
9495
5804
4031
9877
6275
9543
1764
7003
683
6876
9988
2916
8177
9173
9468
1032
9159
4012
9346
8809
4230
8482
8389
7460
5365
8366
8889
6297
9143
2766
3772
7580
4891
8747
5704
9559
955
794
7318
8649
1000
8299
514
3931
8304
6642
782
5503
7031
3654
4106
3151
2099
8926
7547
4151
2063
8355
2675
8561
1487
4159
207
2300
8501
6191
720
5088
5207
5277
2396
790
1192
3798
2951
9258
5943
4123
4952
7908
6779
7701
5572
7952
4878
3929
3888
804
9061
6523
3291
3252
8341
6595
7982
1349
5340
3972
5195
9485
7698
7272
9606
2066
195
1760
9993
1306
2531
3075
6942
6670
3753
3062
4782
5629
8230
3948
7259
8868
5642
8946
987
180
5916
3002
5600
3984
4834
8758
2952
3555
6328
952
9167
2105
7733
6390
111
5888
9069
77
5385
7763
8302
7898
1873
9480
1711
9682
5281
6215
7371
6493
1173
3088
4121
3481
4645
9949
1160
2949
1913
8839
599
549
7682
6740
7931
7716
135
4974
3248
99
9320
1453
2461
2883
3074
1322
931
6304
7458
9314
5446
9305
2723
8512
459
8136
776
544
4191
7123
7679
7209
2371
3345
6148
3517
3303
4632
2299
9703
6354
4704
7643
6569
1922
9012
1126
8510
5175
1033
7578
3490
7095
8390
5700
2478
3650
2425
6656
3530
5868
6976
5796
6635
9563
4677
5124
5577
1495
4363
8124
6505
7575
5197
3378
2385
8918
3009
5200
1064
3706
5048
5049
269
2050
6622
8281
8820
1770
9391
3634
9968
5978
8111
8477
4055
5864
8161
7118
8249
879
5317
185
3420
1961
5528
4384
4200
4150
2629
1093
2987
7542
6250
8094
5975
5040
5641
3189
2828
6266
8096
6391
2312
9242
2045
1564
7789
2264
6644
7765
2892
9313
3697
2978
6057
7761
3116
778
5663
235
1789
1954
4038
506
7004
321
6816
297
737
3185
4171
9243
1238
892
4387
446
5760
7586
6082
9015
3484
4714
7537
600
8656
1040
2684
7496
4476
9761
7616
5156
645
9881
3997
7901
144
864
1051
2313
9085
8706
3193
3933
2307
173
6080
2142
5285
8887
5389
3749
632
3142
2036
9311
7973
7848
3839
8571
4700
6992
197
707
7903
7697
3539
8762
1289
7671
6068
1434
6900
3965
8476
7131
9902
462
6923
2249
4980
5538
4538
1589
9952
2002
926
2143
9601
7349
729
7543
4668
4138
6953
5440
2836
3456
991
9228
566
6471
8722
4400
7465
634
9856
6019
3726
7366
3365
5871
771
2511
3111
2289
3021
6050
635
5377
9183
7659
9049
5621
8130
6872
8687
1222
5059
6738
9657
9385
1539
1132
3719
5112
1312
9685
614
3308
5889
6124
7089
9002
9502
209
1217
7909
1833
5028
3976
5534
3377
2928
8672
2061
6
6167
7506
5238
4118
5021
2799
4388
7461
2714
9286
2878
443
7638
4992
451
6047
3877
4533
6611
4459
9885
3827
4733
6940
464
4129
7052
6845
9963
7803
6865
744
3014
3914
9630
6748
403
8289
9957
343
5829
8142
6566
1410
3513
8101
6874
4571
1671
3546
2909
5060
6160
9384
7109
1209
3164
4902
1441
7597
1872
2827
8661
1630
5901
7284
171
4023
5870
3732
8844
6419
9254
627
3954
846
1921
8475
7540
8713
711
6022
6746
7311
6470
3503
3162
8753
8181
404
1936
8310
6120
9423
3475
2737
3739
8683
3647
3143
9368
3471
8248
6144
2086
4859
6772
6929
8906
3176
1926
1742
6182
8516
9982
4620
6190
536
9410
9639
4669
1186
214
4054
90
723
9748
4348
8198
1249
2671
6309
7660
5773
8386
9544
5086
9204
7686
4871
1841
2982
8778
9092
23
2213
7704
7746
2463
1245
708
1956
6875
7472
4463
9716
9024
346
7204
2597
5009
2686
1140
1636
8818
9734
5178
2270
592
4553
995
9892
349
2815
1309
8531
7711
8231
2899
3803
3049
9122
6393
6540
9862
6920
7734
659
7965
461
4421
8197
6533
8872
1039
5015
5743
4914
1490
453
1844
2155
3392
848
8999
7630
9215
1515
1355
4957
1505
941
9458
4962
7252
3635
6833
6089
6982
9414
5267
494
3171
1310
4587
5547
8614
4333
6986
9071
3876
9234
1335
2872
3023
2922
1114
6384
2279
3174
4206
749
2442
323
2606
6839
2326
1109
3915
1135
6979
5556
2600
872
3305
3029
4555
502
7766
9564
6965
667
407
5387
798
3643
710
5368
8235
7882
8943
6469
8471
2585
9484
8118
787
6722
4328
9020
8533
6198
1673
8356
6910
2471
1951
5438
3245
8396
3728
8730
533
4177
7242
4153
6200
4935
3998
9841
5803
1199
2025
3964
6850
5496
4887
699
4331
73
2990
1409
5313
1918
546
2856
2344
3265
946
5111
6996
2758
2001
3544
8405
6890
8626
7652
4586
5447
6187
4306
2243
6330
3466
8721
482
6894
3932
9375
1208
1164
2438
2444
4370
7
6633
1423
2850
2529
1852
9120
2232
8783
8851
6859
947
4742
3282
7695
6165
9962
6235
3304
281
7315
5671
7049
9045
5944
3516
8917
2186
7705
4223
3764
6499
954
807
895
6777
1929
2007
2400
2413
3335
7312
9869
8790
6685
8260
2354
3445
3355
8685
6682
5444
6255
278
9310
4120
9960
1629
7985
7960
306
7922
1418
761
1715
78
2652
5828
7005
7466
8555
4926
3044
2136
7474
4117
8268
7953
4261
9302
7028
1042
654
2782
6115
2384
1365
5164
693
9447
9222
1656
7937
7096
4113
8705
8602
303
4292
4536
7636
9700
2472
8952
7108
3940
7415
7917
5727
1914
7647
6588
6997
2993
8042
9403
6410
3469
8836
3917
9451
3672
6216
1696
4754
7728
8856
6884
2458
6921
5479
368
1466
3043
4307
3769
7099
5002
3312
1967
5342
4024
2038
166
6213
2433
3996
2771
6605
5450
2316
203
3197
2223
8099
8374
1940
8485
5329
8191
8409
6326
8065
5402
3314
9789
5877
1514
202
4447
4566
1868
8087
5204
463
7531
6481
7295
3419
1489
2172
8603
1155
7487
2972
6821
2041
3673
6112
7983
9755
4243
5220
930
3258
7169
9634
8349
8182
5113
2559
9886
85
2581
3691
9247
2150
2985
251
9436
1737
541
3527
153
3180
5908
6018
4825
438
920
7584
8288
9909
6565
2996
6049
5378
9096
5108
4996
5818
3315
2427
4452
5728
4660
9459
395
6188
7452
5800
4563
8817
7479
8647
9698
1088
8225
1724
3575
2901
9264
3367
333
9145
7912
796
554
9884
2673
172
8520
5635
3115
5174
6453
7936
9153
2804
2340
7151
7271
345
2026
1601
7944
6464
1101
43
3792
9276
5771
8019
6919
9552
1008
1609
9419
8828
146
1989
1473
1229
3561
4904
8896
7667
6933
168
6363
4006
3233
7017
562
3907
984
7910
428
9494
3743
576
4218
5541
1027
2598
4100
1615
897
8392
150
3704
7640
1111
5976
1604
7507
2347
6091
4170
4862
9848
7185
7940
4488
9195
2843
6075
5599
4843
7528
9178
8929
9437
5134
2259
9136
8397
9073
7112
6290
1252
3626
8209
1327
6585
5047
5906
4396
8321
8002
3916
9749
6918
6855
3316
3229
4883
117
336
4706
6312
9733
6302
1012
803
6856
3842
9820
1376
2165
4551
1705
9913
3746
3649
46
5264
1334
2364
3292
508
764
8582
1227
9402
4840
9055
2004
399
6189
5184
812
7899
1993
8849
8634
4609
3786
157
5256
8530
1887
5172
9944
5332
5463
1822
8609
5376
9133
6538
2947
4528
4484
8584
1978
1655
5242
6638
7564
3057
3622
332
45
8081
8854
4300
2498
1972
2633
849
5922
4425
9128
606
1626
6416
985
4109
3169
4279
503
4095
1232
6864
5813
